1 0.325 0.43359375 0.0625 0.21640625
1 0.3734375 0.29609375 0.04375 0.1859375
1 0.3578125 0.209375 0.04375 0.14140625
1 0.365625 0.14140625 0.04375 0.1109375
1 0.38125 0.08046875 0.03125 0.1
1 0.50390625 0.06640625 0.0328125 0.1
1 0.4984375 0.1484375 0.040625 0.13046875
1 0.465625 0.29453125 0.05 0.178125
1 0.5046875 0.2359375 0.046875 0.14453125
1 0.46015625 0.496875 0.0609375 0.228125
1 0.51171875 0.390625 0.0515625 0.2140625
1 0.56328125 0.484375 0.0421875 0.225
1 0.54921875 0.325 0.0484375 0.1609375
0 0.4296875 0.103125 0.06875 0.178125