1 0.32265625 0.4265625 0.0546875 0.2140625
1 0.37421875 0.296875 0.0453125 0.1890625
1 0.35859375 0.209375 0.0453125 0.13046875
1 0.3625 0.1265625 0.040625 0.096875
1 0.38125 0.08203125 0.028125 0.096875
1 0.4609375 0.49296875 0.046875 0.23046875
1 0.5640625 0.4875 0.053125 0.23046875
1 0.5125 0.390625 0.040625 0.20859375
1 0.46328125 0.29609375 0.0453125 0.196875
1 0.50625 0.240625 0.046875 0.146875
1 0.5484375 0.30546875 0.0375 0.15546875
1 0.49765625 0.15 0.0421875 0.11640625
1 0.5015625 0.0875 0.028125 0.096875
1 0.46875 0.0359375 0.01875 0.071875
1 0.490625 0.05 0.02265625 0.09140625
0 0.42734375 0.10078125 0.07109375 0.1890625