1 0.384375 0.0890625 0.025 0.1
1 0.3921875 0.0375 0.028125 0.075
1 0.51953125 0.065625 0.0234375 0.0859375
1 0.50625 0.1015625 0.025 0.1140625
1 0.31640625 0.50703125 0.0546875 0.2359375
1 0.40234375 0.41953125 0.0609375 0.2109375
1 0.42890625 0.5375 0.0421875 0.253125
1 0.47578125 0.3890625 0.0484375 0.20546875
1 0.55390625 0.44453125 0.0484375 0.228125
1 0.52421875 0.3015625 0.0421875 0.19140625
1 0.55625 0.2375 0.040625 0.1640625
0 0.3984375 0.2 0.096875 0.221875
0 0.4609375 0.0625 0.065625 0.11953125