0 0.42734375 0.05390625 0.0640625 0.1078125
1 0.315625 0.44609375 0.046875 0.2359375
1 0.4140625 0.50390625 0.05625 0.2640625
1 0.52734375 0.496875 0.0484375 0.2390625
1 0.471875 0.39609375 0.04375 0.1859375
1 0.54609375 0.35546875 0.0359375 0.15546875
1 0.47890625 0.25703125 0.0390625 0.10859375
1 0.44609375 0.09609375 0.0234375 0.1140625
1 0.47734375 0.0359375 0.0140625 0.071875
1 0.49453125 0.065625 0.0140625 0.0859375
1 0.5140625 0.1015625 0.025 0.096875
1 0.4828125 0.17890625 0.034375 0.096875