1 0.2890625 0.34609375 0.040625 0.175
1 0.3125 0.46796875 0.040625 0.21953125
1 0.40703125 0.596875 0.0421875 0.3
1 0.4671875 0.396875 0.05625 0.1890625
1 0.5296875 0.4984375 0.046875 0.24140625
1 0.48046875 0.27890625 0.0390625 0.146875
1 0.5421875 0.35859375 0.03125 0.15546875
1 0.48203125 0.1859375 0.0328125 0.11640625
1 0.44453125 0.09140625 0.0203125 0.0890625
1 0.47734375 0.0390625 0.0140625 0.078125
1 0.490625 0.05546875 0.015625 0.10546875
1 0.51171875 0.1 0.0265625 0.11640625
0 0.428125 0.0515625 0.0625 0.103125