0 0.41328125 0.0765625 0.0703125 0.153125
0 0.35234375 0.51953125 0.1515625 0.44453125
1 0.51796875 0.5234375 0.0421875 0.23046875
1 0.334375 0.2359375 0.03125 0.1390625
1 0.3875 0.2484375 0.034375 0.146875
1 0.4359375 0.271875 0.034375 0.15
1 0.52734375 0.346875 0.0453125 0.178125
1 0.48125 0.259375 0.025 0.15859375
1 0.46328125 0.153125 0.0203125 0.1
1 0.49453125 0.1015625 0.0171875 0.103125
1 0.53125 0.11640625 0.025 0.11640625
1 0.55546875 0.25703125 0.0265625 0.16953125
1 0.50625 0.034375 0.025 0.06875