1 0.3359375 0.24296875 0.034375 0.15859375
1 0.3875 0.246875 0.03125 0.15
1 0.44375 0.275 0.034375 0.16640625
1 0.484375 0.2640625 0.025 0.1609375
1 0.4671875 0.175 0.025 0.121875
1 0.49296875 0.10703125 0.0296875 0.10859375
1 0.478125 0.04296875 0.015625 0.06953125
1 0.5125 0.05703125 0.015625 0.075
1 0.53203125 0.11640625 0.0171875 0.1109375
1 0.5546875 0.253125 0.025 0.16640625
1 0.5265625 0.3484375 0.04375 0.1640625
1 0.51796875 0.528125 0.0484375 0.1890625
0 0.35234375 0.51796875 0.1515625 0.45859375
0 0.40859375 0.08203125 0.0734375 0.1359375