1 0.3640625 0.2 0.034375 0.09453125
1 0.4328125 0.2640625 0.046875 0.16640625
1 0.39609375 0.1484375 0.0328125 0.10859375
1 0.43671875 0.07890625 0.0203125 0.1140625
1 0.46953125 0.1765625 0.0296875 0.1359375
1 0.45546875 0.44140625 0.0390625 0.2109375
1 0.553125 0.50703125 0.04375 0.24140625
1 0.47578125 0.27890625 0.0328125 0.15859375
1 0.51484375 0.371875 0.0265625 0.20546875
1 0.56640625 0.346875 0.0421875 0.16640625
1 0.53984375 0.2375 0.0328125 0.13046875
0 0.3421875 0.384375 0.109375 0.346875