1 0.4078125 0.0515625 0.025 0.096875
1 0.3875 0.1015625 0.028125 0.075
1 0.37109375 0.15546875 0.0296875 0.1
1 0.3640625 0.25 0.05 0.13359375
1 0.31796875 0.390625 0.0484375 0.175
1 0.42890625 0.4984375 0.0390625 0.23046875
1 0.50859375 0.51953125 0.0390625 0.221875
1 0.496875 0.3140625 0.0375 0.171875
1 0.546875 0.35703125 0.034375 0.196875
1 0.59140625 0.52109375 0.0453125 0.2140625
1 0.4453125 0.03046875 0.015625 0.0609375
1 0.47109375 0.084375 0.0265625 0.11953125
1 0.515625 0.10859375 0.028125 0.11640625